1896 12 12.2 12.6
1900 11 11.1 11.2
1904 11 11.2 11.2
1906 11.2 11.3 11.3
1908 10.8 10.9 11
1912 10.8 10.9 10.9
1920 10.8 10.8 11
1924 10.6 10.7 10.8
1928 10.8 10.9 10.9
1932 10.3 10.3 10.4
1936 10.3 10.4 10.5
1948 10.3 10.4 10.4
1952 10.4 10.4 10.4
1956 10.5 10.5 10.6
1960 10.2 10.2 10.3
1964 10 10.2 10.2
1968 9.95 10 10
1972 10.14 10.24 10.33
1976 10.06 10.08 10.14
1980 10.25 10.25 10.39
1984 9.99 10.19 10.22
1988 9.92 9.97 9.99
1992 9.96 10.02 10.04
1996 9.84 9.89 9.9
2000 9.87 9.99 10.04
2004 9.85 9.86 9.87
2008 9.69 9.89 9.91
