2	7	17	40	46	50	45	15	5	2	1	0	0	0	0	0	0	0	0
1	21	44	41	45	21	9	3	1	0	0	0	0	0	0	0	0	0	0
0	28	60	95	97	70	39	7	2	1	0	0	0	0	0	0	0	0	0
2	15	36	76	63	65	56	21	7	5	0	0	0	0	0	0	0	0	0
2	17	26	49	59	35	18	4	1	0	0	0	0	0	0	0	0	0	0
0	6	15	27	35	36	45	38	15	10	2	2	0	0	0	0	0	0	0
2	14	22	60	49	45	20	9	3	0	0	0	0	0	0	0	0	0	0
0	8	19	14	47	44	21	9	2	1	1	0	0	0	0	0	0	0	0
1	6	8	13	13	9	6	3	0	2	0	0	0	0	0	0	0	0	0
1	18	24	41	22	9	3	0	0	0	0	0	0	0	0	0	0	0	0
4	11	34	52	73	51	21	8	2	1	0	0	0	0	0	0	0	0	0
3	21	39	60	43	27	9	2	2	0	0	0	0	0	0	0	0	0	0
1	10	18	43	41	22	6	2	0	0	0	0	0	0	0	0	0	0	0
1	23	44	71	80	56	18	9	5	0	0	0	0	0	0	0	0	0	0
1	9	28	32	29	11	11	9	2	0	1	0	0	0	0	0	0	0	0
0	11	29	33	27	30	19	6	3	1	0	0	0	0	0	0	0	0	0
1	25	39	81	61	46	29	8	4	0	0	0	0	0	0	0	0	0	0
0	5	20	36	31	28	16	6	3	0	0	0	0	0	0	0	0	0	0
1	14	30	32	25	18	8	1	0	0	0	0	0	0	0	0	0	0	0
0	18	28	40	38	19	4	3	0	0	0	0	0	0	0	0	0	0	0
4	90	168	248	285	228	95	32	10	0	0	0	0	0	0	0	0	0	0
2	8	16	45	58	69	62	21	8	2	0	0	0	0	0	0	0	0	0
2	11	21	33	23	37	33	10	5	0	0	0	0	0	0	0	0	0	0
5	34	51	131	126	114	40	8	2	1	0	0	0	0	0	0	0	0	0
1	7	17	39	47	61	22	10	0	0	1	0	0	0	0	0	0	0	0
0	3	17	26	31	57	22	15	2	0	0	0	0	0	0	0	0	0	0
1	5	26	28	41	19	15	15	11	6	4	0	0	0	0	0	0	0	0
1	10	26	56	56	77	26	22	3	0	0	0	0	0	0	0	0	0	0
1	9	16	29	27	27	12	2	0	0	0	0	0	0	0	0	0	0	0
1	3	15	34	42	64	57	36	10	6	1	0	0	0	0	0	0	0	0
1	8	19	39	41	64	30	9	7	0	0	0	0	0	0	0	0	0	0
3	33	98	139	180	128	81	28	6	1	0	0	0	0	0	0	0	0	0
1	33	55	92	116	107	51	14	3	1	0	0	0	0	0	0	0	0	0
1	27	69	122	132	107	46	9	4	0	0	0	0	0	0	0	0	0	0
1	9	19	19	24	24	4	0	0	0	0	0	0	0	0	0	0	0	0
0	46	86	133	159	103	69	25	6	2	0	0	0	0	0	0	0	0	0
0	8	17	44	33	45	24	8	2	4	0	0	0	0	0	0	0	0	0
1	12	21	46	46	34	34	12	2	1	0	0	0	0	0	0	0	0	0
1	15	42	54	63	56	27	13	9	3	0	0	0	0	0	0	0	0	0
0	10	27	26	26	22	13	2	0	0	0	0	0	0	0	0	0	0	0
1	9	21	31	58	60	41	7	5	1	0	0	0	0	0	0	0	0	0
2	12	19	49	56	34	20	3	2	0	1	0	0	0	0	0	0	0	0
0	12	34	47	80	56	24	10	0	0	0	0	0	0	0	0	0	0	0
1	10	42	66	54	48	21	5	0	0	0	0	0	0	0	0	0	0	0
1	14	28	67	70	30	7	3	0	0	0	0	0	0	0	0	0	0	0
0	19	48	68	71	70	31	6	2	0	0	0	0	0	0	0	0	0	0
3	16	49	100	101	53	28	3	1	0	0	0	0	0	0	0	0	0	0
0	4	21	45	54	79	61	40	16	5	0	1	0	0	0	0	0	0	0
2	42	80	109	84	50	26	6	4	2	0	0	0	0	0	0	0	0	0
0	10	10	17	16	7	6	1	0	0	0	0	0	0	0	0	0	0	0
2	44	67	107	129	98	56	20	10	1	0	0	0	0	0	0	0	0	0
0	18	33	38	41	38	17	3	1	0	0	0	0	0	0	0	0	0	0
1	6	14	29	30	30	14	6	3	0	0	0	0	0	0	0	0	0	0
1	33	59	95	79	62	26	5	1	0	0	0	0	0	0	0	0	0	0
0	8	22	17	18	10	5	1	1	0	0	0	0	0	0	0	0	0	0
2	1	4	22	22	27	13	5	1	0	0	0	0	0	0	0	0	0	0
0	18	48	73	85	69	35	9	2	1	0	0	0	0	0	0	0	0	0
2	10	4	29	26	32	16	6	0	0	0	0	0	0	0	0	0	0	0
2	10	19	28	26	10	5	2	0	0	0	0	0	0	0	0	0	0	0
1	26	55	114	116	76	40	17	0	0	0	0	0	0	0	0	0	0	0
1	10	12	38	40	70	56	26	11	3	0	0	0	0	0	0	0	0	0
0	1	3	12	35	25	25	8	1	4	0	0	0	0	0	0	0	0	0
1	52	57	79	62	43	24	6	2	1	0	0	0	0	0	0	0	0	0
1	4	7	27	16	15	2	0	0	0	0	0	0	0	0	0	0	0	0
0	3	11	24	26	15	12	9	1	0	0	0	0	0	0	0	0	0	0
1	39	78	129	113	68	39	8	1	0	0	0	0	0	0	0	0	0	0
1	8	5	42	48	90	59	23	5	2	0	0	0	0	0	0	0	0	0
2	10	25	39	37	28	21	7	3	0	0	0	0	0	0	0	0	0	0
1	2	9	19	30	64	60	22	14	6	0	0	0	0	0	0	0	0	0
0	7	12	27	47	54	40	19	9	1	0	0	0	0	0	0	0	0	0
2	41	103	194	206	159	81	14	6	1	0	0	0	0	0	0	0	0	0
1	13	53	75	85	72	42	21	6	1	1	0	0	0	0	0	0	0	0
1	5	12	11	11	18	6	3	0	0	0	0	0	0	0	0	0	0	0
3	19	39	59	47	39	18	3	1	0	0	0	0	0	0	0	0	0	0
0	20	24	33	49	31	23	9	2	1	0	0	0	0	0	0	0	0	0
2	34	54	62	67	67	34	10	5	1	0	0	0	0	0	0	0	0	0
2	27	55	75	77	51	31	5	3	1	0	0	0	0	0	0	0	0	0
2	5	11	16	16	7	6	1	1	0	0	0	0	0	0	0	0	0	0
1	10	26	55	59	75	44	21	4	1	0	0	0	0	0	0	0	0	0
4	17	18	26	24	9	8	1	0	0	0	0	0	0	0	0	0	0	0
1	14	24	42	92	101	69	31	12	5	2	1	0	0	0	0	0	0	0
3	33	45	65	64	63	21	11	3	0	0	0	0	0	0	0	0	0	0
1	10	24	51	57	55	19	4	2	0	1	0	0	0	0	0	0	0	0
3	19	37	48	73	46	25	6	2	0	0	0	0	0	0	0	0	0	0
1	16	36	47	41	43	6	1	0	0	0	0	0	0	0	0	0	0	0
0	16	37	68	62	55	20	5	3	0	0	0	0	0	0	0	0	0	0
1	2	9	18	28	23	20	15	2	1	0	0	0	0	0	0	0	0	0
2	7	19	36	54	51	36	9	3	2	0	0	0	0	0	0	0	0	0
0	7	4	12	9	19	17	6	0	1	0	1	0	0	0	0	0	0	0
0	48	69	122	143	100	53	14	3	1	0	0	0	0	0	0	0	0	0
0	8	6	5	14	45	40	21	9	1	1	0	0	0	0	0	0	0	0
1	8	25	39	34	38	15	10	1	1	0	0	0	0	0	0	0	0	0
0	9	15	29	27	26	10	3	4	1	0	0	0	0	0	0	0	0	0
0	8	16	25	31	45	43	38	18	2	0	1	0	0	0	0	0	0	0
2	22	46	77	70	51	22	5	0	1	0	0	0	0	0	0	0	0	0
1	30	64	100	122	104	36	20	7	0	0	0	0	0	0	0	0	0	0
0	21	48	97	84	77	32	8	4	1	0	0	0	0	0	0	0	0	0
1	15	21	27	33	25	15	4	0	2	0	0	0	0	0	0	0	0	0
1	10	23	54	24	16	10	0	0	0	0	0	0	0	0	0	0	0	0
1	0	5	8	19	23	10	0	1	0	0	0	0	0	0	0	0	0	0
0	8	13	16	10	8	5	0	0	0	0	0	0	0	0	0	0	0	0
0	9	23	36	32	39	15	3	2	0	0	0	0	0	0	0	0	0	0
1	10	41	47	69	79	42	14	5	1	0	0	0	0	0	0	0	0	0
0	3	16	49	57	73	38	7	1	1	0	0	0	0	0	0	0	0	0
3	29	47	80	78	71	25	8	3	0	0	0	0	0	0	0	0	0	0
12	198	445	938	1068	868	439	139	39	5	1	0	0	0	0	0	0	0	0
1	6	15	32	21	11	9	3	0	0	0	0	0	0	0	0	0	0	0
2	14	24	39	47	27	4	2	1	0	0	0	0	0	0	0	0	0	0
0	26	58	99	99	115	59	27	12	4	0	0	0	0	0	0	0	0	0
0	11	16	29	24	7	13	3	3	0	0	0	0	0	0	0	0	0	0
2	14	16	26	34	22	14	3	0	0	0	0	0	0	0	0	0	0	0
1	20	31	39	54	22	6	2	0	0	0	0	0	0	0	0	0	0	0
2	7	16	23	23	23	16	3	1	0	0	0	0	0	0	0	0	0	0
0	5	4	25	20	20	6	1	2	0	0	0	0	0	0	0	0	0	0
1	8	19	37	43	75	42	29	8	7	1	1	0	0	0	0	0	0	0
2	13	22	36	44	43	39	20	11	3	0	1	0	0	0	0	0	0	0
0	0	6	9	5	6	5	5	0	0	0	0	0	0	0	0	0	0	0
1	28	42	68	84	71	13	9	0	0	0	0	0	0	0	0	0	0	0
1	17	32	53	38	45	24	9	3	0	0	0	0	0	0	0	0	0	0
2	17	45	72	110	102	78	31	9	2	0	0	0	0	0	0	0	0	0
0	18	42	59	79	65	34	13	2	1	1	0	0	0	0	0	0	0	0
0	9	24	28	17	12	5	1	2	0	0	0	0	0	0	0	0	0	0
0	7	15	34	43	40	16	8	4	1	0	0	0	0	0	0	0	0	0
1	17	45	71	62	73	27	11	5	2	2	0	0	0	0	0	0	0	0
1	31	48	70	73	58	24	9	7	0	1	0	0	0	0	0	0	0	0
1	1	4	25	7	10	20	21	0	0	0	0	0	0	0	0	0	0	0
0	16	60	90	110	77	37	14	1	0	0	0	0	0	0	0	0	0	0
1	9	28	29	27	21	4	2	0	0	0	0	0	0	0	0	0	0	0
2	14	17	41	50	72	42	33	27	3	8	3	2	1	0	0	0	0	0
0	1	10	25	32	18	12	8	2	1	0	0	0	0	0	0	0	0	0
1	9	44	76	90	123	78	37	21	2	0	0	0	0	0	0	0	0	0
0	0	4	7	17	16	15	8	12	3	0	0	0	0	0	0	0	0	0
1	12	29	61	60	90	73	48	14	7	1	1	0	0	0	0	0	0	0
1	15	29	74	64	69	32	12	4	0	2	0	0	0	0	0	0	0	0
2	39	106	165	161	115	52	17	3	0	0	0	0	0	0	0	0	0	0
1	14	24	48	50	44	17	4	0	0	0	0	0	0	0	0	0	0	0
3	14	27	40	51	29	11	4	0	0	0	0	0	0	0	0	0	0	0
0	11	29	36	58	45	5	2	0	0	0	0	0	0	0	0	0	0	0
2	27	73	114	104	69	38	5	1	0	0	0	0	0	0	0	0	0	0
1	6	20	43	81	109	54	19	6	2	0	0	0	0	0	0	0	0	0
2	10	30	62	100	169	108	77	31	12	8	1	1	0	0	0	0	0	0
0	12	43	95	117	145	83	41	13	1	0	0	0	0	0	0	0	0	0
1	25	38	90	83	66	37	13	5	1	0	0	0	0	0	0	0	0	0
0	34	92	146	148	107	52	10	0	0	0	0	0	0	0	0	0	0	0
0	30	36	30	30	27	8	4	2	0	0	0	0	0	0	0	0	0	0
1	10	12	37	50	67	60	40	14	5	1	1	0	0	0	0	0	0	0
1	8	18	38	55	85	55	23	9	1	0	0	0	0	0	0	0	0	0
3	7	16	43	64	87	69	31	12	2	0	0	0	0	0	0	0	0	0
0	26	57	85	76	70	33	13	2	0	0	0	0	0	0	0	0	0	0
0	27	47	61	83	57	13	0	1	0	0	0	0	0	0	0	0	0	0
2	9	10	25	33	55	47	19	12	5	4	0	0	0	0	0	0	0	0
1	18	21	20	21	8	1	1	0	0	0	0	0	0	0	0	0	0	0
2	21	64	84	87	54	22	9	3	0	0	0	0	0	0	0	0	0	0
1	3	14	17	20	16	1	1	0	0	0	0	0	0	0	0	0	0	0
2	7	27	37	55	43	13	3	1	0	0	0	0	0	0	0	0	0	0
0	3	2	14	17	23	13	13	4	0	0	0	0	0	0	0	0	0	0
4	46	93	152	184	157	63	18	8	0	0	0	0	0	0	0	0	0	0
1	15	31	57	97	114	58	27	11	2	0	0	0	0	0	0	0	0	0
2	9	45	40	44	35	9	1	0	0	0	0	0	0	0	0	0	0	0
1	27	27	73	101	122	116	62	20	3	1	0	0	0	0	0	0	0	0
0	5	13	38	33	40	26	10	4	2	2	0	0	0	0	0	0	0	0
1	15	33	57	52	37	31	8	1	1	0	0	0	0	0	0	0	0	0
2	29	77	106	136	117	61	20	10	2	0	0	0	0	0	0	0	0	0
0	18	18	42	34	40	8	1	0	0	0	0	0	0	0	0	0	0	0
2	24	38	72	119	131	113	54	14	2	0	0	0	0	0	0	0	0	0
1	30	84	106	133	124	42	14	0	0	0	0	0	0	0	0	0	0	0
0	25	49	75	71	66	14	8	2	0	0	0	0	0	0	0	0	0	0
1	34	60	92	82	54	21	8	2	0	0	0	0	0	0	0	0	0	0
1	5	6	22	23	18	4	5	0	0	0	0	0	0	0	0	0	0	0
0	2	2	10	22	44	56	46	47	28	25	9	5	3	3	0	0	0	0
0	54	88	134	143	153	87	54	34	15	9	3	1	0	0	0	0	0	0
2	17	35	59	93	63	37	8	3	0	0	0	0	0	0	0	0	0	0
2	40	80	113	107	73	27	8	2	0	0	0	0	0	0	0	0	0	0
5	42	89	81	76	45	14	1	0	0	0	0	0	0	0	0	0	0	0
1	17	47	72	71	62	28	15	5	1	0	0	0	0	0	0	0	0	0
0	1	7	22	26	20	19	12	2	0	0	0	0	0	0	0	0	0	0
3	42	81	115	130	102	53	23	8	2	1	0	0	0	0	0	0	0	0
0	6	22	39	53	61	61	29	18	5	2	0	0	0	0	0	0	0	0
0	8	46	91	121	143	98	41	7	6	0	0	0	0	0	0	0	0	0
0	19	24	40	63	85	50	20	11	1	0	0	0	0	0	0	0	0	0
1	24	54	71	64	83	30	15	5	2	0	0	0	0	0	0	0	0	0
0	43	90	157	157	122	54	9	3	1	0	0	0	0	0	0	0	0	0
0	12	29	53	72	91	46	11	9	1	0	0	0	0	0	0	0	0	0
0	7	12	32	26	50	17	5	4	3	1	0	0	0	0	0	0	0	0
1	2	22	45	91	86	56	21	10	2	0	0	0	0	0	0	0	0	0
0	7	58	97	110	72	35	12	2	0	1	0	0	0	0	0	0	0	0
1	18	39	64	53	38	19	3	0	2	0	0	0	0	0	0	0	0	0
0	20	38	67	79	64	30	11	5	1	0	0	0	0	0	0	0	0	0
1	7	19	24	48	50	26	5	2	0	0	0	0	0	0	0	0	0	0
1	5	23	37	23	8	5	5	0	0	0	0	0	0	0	0	0	0	0
1	18	44	78	86	60	33	19	4	0	0	0	0	0	0	0	0	0	0
0	16	50	60	77	63	33	11	2	0	0	0	0	0	0	0	0	0	0
1	7	17	10	25	25	13	12	2	0	0	0	0	0	0	0	0	0	0
0	31	48	84	83	45	17	6	2	0	0	0	0	0	0	0	0	0	0
0	19	49	63	80	59	25	9	2	0	0	0	0	0	0	0	0	0	0
1	50	78	107	118	81	53	10	2	0	0	0	0	0	0	0	0	0	0
1	4	10	35	44	34	17	7	2	0	0	0	0	0	0	0	0	0	0
1	17	40	50	80	71	22	7	2	0	1	0	0	0	0	0	0	0	0
3	9	20	59	95	133	57	34	9	2	2	0	0	0	0	0	0	0	0
2	12	31	35	33	19	6	6	0	0	0	0	0	0	0	0	0	0	0
0	7	11	31	42	69	37	22	9	5	3	0	0	0	0	0	0	0	0
0	10	31	45	72	69	47	22	8	1	0	0	0	0	0	0	0	0	0
1	19	44	61	49	41	17	9	1	0	0	0	0	0	0	0	0	0	0
2	11	22	35	44	32	10	1	0	0	0	0	0	0	0	0	0	0	0
1	8	23	68	87	131	70	22	9	2	0	0	0	0	0	0	0	0	0
2	19	29	36	24	15	6	4	1	0	0	0	0	0	0	0	0	0	0
1	8	13	26	38	84	40	16	12	2	0	0	0	0	0	0	0	0	0
0	20	26	29	26	27	8	1	0	0	0	0	0	0	0	0	0	0	0
1	19	44	76	82	47	25	8	3	0	1	0	0	0	0	0	0	0	0
1	3	32	59	57	51	25	8	3	1	2	0	0	0	0	0	0	0	0
2	15	39	53	45	32	17	1	1	0	0	0	0	0	0	0	0	0	0
0	20	38	54	42	29	11	1	1	0	0	0	0	0	0	0	0	0	0
2	10	27	53	54	52	20	11	1	1	0	0	0	0	0	0	0	0	0
1	30	55	81	79	40	18	4	3	0	0	0	0	0	0	0	0	0	0
0	5	27	46	39	34	10	1	0	0	0	0	0	0	0	0	0	0	0
1	8	9	16	16	10	6	2	0	0	0	0	0	0	0	0	0	0	0
1	8	9	17	13	10	3	0	0	0	0	0	0	0	0	0	0	0	0
2	14	12	38	29	21	4	4	1	0	0	0	0	0	0	0	0	0	0
1	1	3	8	13	23	37	29	30	26	11	6	1	1	0	0	0	0	0
1	12	20	42	55	54	19	7	2	0	1	0	0	0	0	0	0	0	0
0	23	31	60	49	52	24	3	0	0	0	0	0	0	0	0	0	0	0
0	12	25	26	26	18	1	0	0	0	0	0	0	0	0	0	0	0	0
1	6	16	16	26	12	6	4	1	0	0	0	0	0	0	0	0	0	0
2	6	15	18	27	54	16	6	2	0	0	0	0	0	0	0	0	0	0
1	12	39	62	83	54	44	15	5	1	0	0	0	0	0	0	0	0	0
0	13	35	63	71	60	22	9	2	2	0	0	0	0	0	0	0	0	0
0	5	8	8	34	55	30	16	0	1	0	0	0	0	0	0	0	0	0
0	7	23	39	53	61	50	14	8	7	0	0	0	0	0	0	0	0	0
1	10	20	40	78	106	105	62	48	36	15	8	3	2	4	0	0	0	0
0	8	19	41	69	93	97	47	18	11	3	0	0	0	0	0	0	0	0
0	1	2	5	12	14	7	5	0	0	1	0	0	0	0	0	0	0	0
0	8	10	18	23	42	36	36	48	23	14	10	12	4	1	0	0	0	0
1	15	40	63	62	42	13	2	0	0	0	0	0	0	0	0	0	0	0
1	22	47	67	74	59	30	14	4	2	0	0	0	0	0	0	0	0	0
0	11	21	22	20	20	6	0	1	0	0	0	0	0	0	0	0	0	0
0	7	5	13	16	15	9	2	2	1	0	0	0	0	0	0	0	0	0
0	28	52	85	117	168	83	28	18	4	2	0	0	0	0	0	0	0	0
3	31	74	114	120	95	34	12	1	0	0	0	0	0	0	0	0	0	0
2	28	43	58	58	50	17	7	0	0	0	0	0	0	0	0	0	0	0
0	16	41	71	89	64	42	17	17	8	5	0	2	1	0	0	0	0	0
0	7	12	28	22	15	8	4	2	1	0	0	0	0	0	0	0	0	0
1	23	64	108	131	139	88	41	16	3	2	0	0	0	0	0	0	0	0
0	16	49	89	95	69	31	9	3	0	0	0	0	0	0	0	0	0	0
1	15	31	72	60	71	46	18	6	1	0	0	0	0	0	0	0	0	0
0	35	53	105	116	96	43	10	0	0	0	0	0	0	0	0	0	0	0
0	12	37	94	108	66	14	6	3	0	0	0	0	0	0	0	0	0	0
0	9	29	60	74	121	53	22	10	2	0	1	0	0	0	0	0	0	0
0	5	11	14	28	74	51	29	10	5	1	0	1	0	0	0	0	0	0
0	4	17	35	50	75	27	9	5	1	1	0	0	0	0	0	0	0	0
2	21	35	72	47	39	9	2	1	0	0	0	0	0	0	0	0	0	0
0	11	31	57	55	42	14	5	2	0	0	0	0	0	0	0	0	0	0
0	4	18	45	52	60	61	29	17	6	4	0	0	0	0	0	0	0	0
0	22	52	97	126	97	56	36	21	8	1	0	0	0	0	0	0	0	0
2	24	52	86	115	139	86	40	19	0	2	0	0	0	0	0	0	0	0
1	32	60	61	68	54	24	13	1	3	0	0	0	0	0	0	0	0	0
1	38	69	114	155	133	54	15	3	0	0	0	0	0	0	0	0	0	0
2	10	22	76	84	104	73	36	11	2	0	0	0	0	0	0	0	0	0
2	9	20	37	23	24	14	5	1	0	0	0	0	0	0	0	0	0	0
0	7	29	54	39	25	10	3	0	0	0	0	0	0	0	0	0	0	0
2	6	22	57	100	121	82	23	9	4	1	0	0	0	0	0	0	0	0
2	9	21	43	55	99	69	55	34	7	7	2	2	0	0	0	0	0	0
1	1	1	16	16	31	19	5	3	1	0	0	0	0	0	0	0	0	0
2	36	46	91	103	76	51	17	6	1	0	0	0	0	0	0	0	0	0
1	6	24	39	49	28	6	2	0	0	0	0	0	0	0	0	0	0	0
1	18	33	57	53	38	13	3	2	0	0	0	0	0	0	0	0	0	0
1	0	3	5	3	6	5	5	2	0	0	0	0	0	0	0	0	0	0
2	12	18	20	10	16	5	0	1	1	0	0	0	0	0	0	0	0	0
0	28	47	75	71	60	31	5	3	0	0	0	0	0	0	0	0	0	0
2	19	53	97	116	86	21	5	2	0	0	0	0	0	0	0	0	0	0
0	14	36	86	129	116	52	15	7	1	0	0	0	0	0	0	0	0	0
2	42	78	125	124	116	35	19	1	1	0	0	0	0	0	0	0	0	0
1	33	67	124	175	131	59	22	6	0	0	0	0	0	0	0	0	0	0
1	7	28	31	31	31	20	10	1	1	1	0	0	0	0	0	0	0	0
0	23	43	79	89	51	27	14	0	2	1	0	0	0	0	0	0	0	0
1	23	68	125	134	82	43	15	6	1	0	0	0	0	0	0	0	0	0
1	27	72	118	118	66	30	11	3	1	0	0	0	0	0	0	0	0	0
1	3	13	22	16	30	6	3	0	0	0	0	0	0	0	0	0	0	0
0	11	12	33	30	31	13	2	1	0	0	0	0	0	0	0	0	0	0
1	3	9	20	25	23	19	18	9	3	1	0	0	0	0	0	0	0	0
1	7	20	31	25	40	13	10	1	0	0	0	0	0	0	0	0	0	0
1	42	69	120	107	67	20	11	3	0	0	0	0	0	0	0	0	0	0
0	2	3	16	23	25	20	6	4	0	0	0	0	0	0	0	0	0	0
2	19	32	66	76	57	38	17	6	3	0	0	0	0	0	0	0	0	0
0	3	12	21	37	37	25	12	1	0	1	0	0	0	0	0	0	0	0
0	13	25	27	19	20	12	1	0	0	0	0	0	0	0	0	0	0	0
2	25	41	88	61	74	28	20	6	2	0	0	0	0	0	0	0	0	0
0	19	51	59	88	85	40	18	4	0	1	0	0	0	0	0	0	0	0
1	49	72	127	126	97	45	11	1	3	1	0	0	0	0	0	0	0	0
0	25	65	79	76	59	15	4	0	0	0	0	0	0	0	0	0	0	0
1	8	9	13	17	17	5	2	0	0	0	0	0	0	0	0	0	0	0
3	64	140	213	201	133	62	16	2	0	0	0	0	0	0	0	0	0	0
1	3	6	17	20	34	22	9	1	0	0	0	0	0	0	0	0	0	0
1	36	59	101	93	64	30	14	3	0	0	0	0	0	0	0	0	0	0
1	24	66	106	99	68	33	4	3	1	0	0	0	0	0	0	0	0	0
0	1	2	10	17	16	28	18	5	2	0	0	0	0	0	0	0	0	0
1	4	10	28	30	46	30	13	5	6	0	0	0	0	0	0	0	0	0
0	11	47	75	80	61	27	7	2	0	0	0	0	0	0	0	0	0	0
1	8	33	58	64	45	23	7	3	1	0	0	0	0	0	0	0	0	0
0	8	14	48	55	69	66	36	9	5	2	1	0	0	0	0	0	0	0
0	12	38	78	96	110	50	24	10	1	0	0	0	0	0	0	0	0	0
0	26	46	80	84	56	31	8	1	1	0	0	0	0	0	0	0	0	0
1	7	15	28	35	24	30	7	3	0	0	0	0	0	0	0	0	0	0
1	4	12	21	17	13	5	4	1	0	0	0	0	0	0	0	0	0	0
0	11	19	24	35	18	11	3	0	2	1	0	0	0	0	0	0	0	0
0	9	16	30	25	18	8	4	1	0	0	0	0	0	0	0	0	0	0
0	23	58	106	108	104	63	35	33	14	13	7	3	1	2	0	0	0	0
1	15	31	44	54	38	11	6	1	0	0	0	0	0	0	0	0	0	0
4	39	84	99	151	98	45	8	2	0	0	0	0	0	0	0	0	0	0
1	10	8	23	20	10	7	1	0	0	0	0	0	0	0	0	0	0	0
2	3	9	17	32	32	29	15	6	0	0	0	0	0	0	0	0	0	0
1	27	80	100	102	46	26	7	1	0	0	0	0	0	0	0	0	0	0
2	16	55	102	140	165	118	42	34	3	1	0	0	0	0	0	0	0	0
2	6	26	46	78	87	66	25	8	0	2	0	0	0	0	0	0	0	0
1	13	40	39	38	21	7	3	0	0	0	0	0	0	0	0	0	0	0
1	9	17	47	44	44	8	4	4	0	0	0	0	0	0	0	0	0	0
0	13	20	32	38	32	6	3	0	0	0	0	0	0	0	0	0	0	0
0	6	17	19	21	10	1	3	1	0	0	0	0	0	0	0	0	0	0
1	3	5	6	7	14	9	1	0	0	0	0	0	0	0	0	0	0	0
0	34	73	108	116	105	44	15	5	0	0	0	0	0	0	0	0	0	0
0	14	33	66	58	32	8	2	1	0	0	0	0	0	0	0	0	0	0
0	6	20	23	31	20	12	9	3	0	0	0	0	0	0	0	0	0	0
1	17	44	75	90	54	24	6	3	0	0	0	0	0	0	0	0	0	0
0	5	23	46	58	58	42	11	1	1	0	0	0	0	0	0	0	0	0
1	24	70	114	68	54	18	8	1	0	0	0	0	0	0	0	0	0	0
0	43	120	289	325	278	157	52	12	2	4	2	0	0	0	0	0	0	0
0	7	27	30	35	23	8	0	0	0	0	0	0	0	0	0	0	0	0
1	22	28	43	39	27	11	2	3	1	0	0	0	0	0	0	0	0	0
0	6	24	44	47	61	38	10	1	1	0	0	0	0	0	0	0	0	0
0	37	46	105	92	85	39	11	3	0	0	0	0	0	0	0	0	0	0
0	4	6	16	36	49	18	2	0	0	0	0	0	0	0	0	0	0	0
1	17	39	71	60	43	17	3	1	0	0	0	0	0	0	0	0	0	0
1	13	25	30	14	15	5	0	1	0	0	0	0	0	0	0	0	0	0
1	9	20	26	43	33	18	3	0	0	0	0	0	0	0	0	0	0	0
0	10	27	48	58	42	15	1	0	0	0	0	0	0	0	0	0	0	0
5	33	50	79	92	55	19	3	0	0	0	0	0	0	0	0	0	0	0
2	29	51	69	54	50	19	7	2	0	0	0	0	0	0	0	0	0	0
0	5	21	36	53	79	73	36	10	3	1	0	0	0	0	0	0	0	0
5	9	24	37	47	38	16	5	0	1	0	0	0	0	0	0	0	0	0
1	2	7	7	16	20	8	5	2	1	0	1	0	0	0	0	0	0	0
0	22	65	94	115	97	33	10	5	1	0	0	0	0	0	0	0	0	0
1	11	26	71	94	104	69	34	15	8	0	1	1	0	0	0	0	0	0
4	73	168	282	376	295	129	48	19	2	0	0	0	0	0	0	0	0	0
0	19	57	46	66	44	29	10	2	0	0	0	0	0	0	0	0	0	0
1	10	22	39	52	50	22	4	3	1	0	0	0	0	0	0	0	0	0
2	22	48	57	55	42	21	5	2	1	0	0	0	0	0	0	0	0	0
0	7	8	15	7	7	4	1	1	0	0	0	0	0	0	0	0	0	0
1	2	7	10	19	23	3	3	2	0	0	0	0	0	0	0	0	0	0
1	1	7	17	16	14	19	9	3	2	0	0	0	0	0	0	0	0	0
1	27	56	87	99	57	24	4	2	0	0	0	0	0	0	0	0	0	0
0	2	13	23	26	28	21	8	5	1	1	0	0	0	0	0	0	0	0
1	7	27	50	64	54	25	25	7	0	0	0	0	0	0	0	0	0	0
2	13	30	29	21	34	7	2	2	0	0	0	0	0	0	0	0	0	0
2	6	27	29	32	27	7	1	0	0	0	0	0	0	0	0	0	0	0
0	11	15	9	9	4	0	1	0	0	0	0	0	0	0	0	0	0	0
0	16	18	61	103	80	84	48	9	3	0	1	0	0	0	0	0	0	0
1	6	21	48	42	41	11	8	3	0	0	0	0	0	0	0	0	0	0
1	11	24	33	23	16	2	1	0	0	0	0	0	0	0	0	0	0	0
1	5	19	26	41	30	31	19	13	0	1	1	0	0	0	0	0	0	0
0	11	17	33	41	49	20	10	2	0	0	0	0	0	0	0	0	0	0
3	50	105	100	77	61	14	8	1	0	0	0	0	0	0	0	0	0	0
2	12	20	26	23	17	9	1	0	0	0	0	0	0	0	0	0	0	0
2	6	6	13	32	68	23	8	1	1	0	0	0	0	0	0	0	0	0
2	17	32	76	76	86	32	16	2	0	0	0	0	0	0	0	0	0	0
0	40	103	165	175	120	53	28	7	0	0	0	0	0	0	0	0	0	0
0	2	9	17	34	42	32	24	7	1	0	0	0	0	0	0	0	0	0
0	7	37	60	77	157	45	16	7	7	0	0	0	0	0	0	0	0	0
0	15	43	59	75	69	24	9	2	1	0	0	0	0	0	0	0	0	0
10	104	257	476	557	531	330	151	54	16	8	1	0	0	0	0	0	0	0
2	9	23	51	58	60	36	11	5	1	2	0	0	0	0	0	0	0	0
5	22	47	66	80	67	20	5	2	0	0	0	0	0	0	0	0	0	0
0	13	42	53	60	67	34	12	2	0	0	0	0	0	0	0	0	0	0
0	14	28	72	70	44	19	16	1	1	0	0	0	0	0	0	0	0	0
2	5	20	39	20	14	7	4	1	0	0	0	0	0	0	0	0	0	0
1	23	44	80	63	63	18	3	2	0	0	0	0	0	0	0	0	0	0
2	5	21	44	58	57	24	9	3	0	0	0	0	0	0	0	0	0	0
0	9	20	26	27	34	9	2	0	0	0	0	0	0	0	0	0	0	0
2	17	26	60	85	48	9	5	2	0	0	0	0	0	0	0	0	0	0
3	16	23	61	81	70	25	5	0	0	0	0	0	0	0	0	0	0	0
2	9	20	41	26	20	8	5	0	0	0	0	0	0	0	0	0	0	0
0	12	28	55	53	39	27	4	5	0	1	0	0	0	0	0	0	0	0
2	16	45	74	74	56	23	9	2	0	0	0	0	0	0	0	0	0	0
0	22	45	63	77	118	71	76	58	50	31	22	12	5	4	1	0	0	0
0	5	17	60	65	77	60	38	8	4	0	0	0	0	0	0	0	0	0
1	3	14	38	49	61	26	14	4	2	0	0	0	0	0	0	0	0	0
2	12	38	70	85	120	57	18	4	0	0	0	0	0	0	0	0	0	0
1	8	25	21	22	17	6	1	0	0	0	0	0	0	0	0	0	0	0
1	20	45	69	83	60	22	15	5	1	0	0	0	0	0	0	0	0	0
0	19	40	70	39	36	13	9	0	0	0	0	0	0	0	0	0	0	0
0	30	42	54	69	68	51	24	12	3	0	0	0	0	0	0	0	0	0
0	12	32	41	63	91	51	18	2	1	0	0	0	0	0	0	0	0	0
1	11	33	34	27	10	6	0	1	0	0	0	0	0	0	0	0	0	0
2	9	28	35	42	19	14	8	2	0	0	0	0	0	0	0	0	0	0
0	4	13	18	19	12	8	1	0	1	0	0	0	0	0	0	0	0	0
1	7	11	18	20	10	2	1	0	0	0	0	0	0	0	0	0	0	0
1	17	44	82	64	52	22	10	1	1	0	0	0	0	0	0	0	0	0
0	2	17	35	43	33	19	6	1	0	0	0	0	0	0	0	0	0	0
1	18	25	21	17	13	11	0	0	0	0	0	0	0	0	0	0	0	0
1	29	68	90	113	102	46	18	4	0	0	0	0	0	0	0	0	0	0
1	12	15	30	16	13	4	0	0	0	0	0	0	0	0	0	0	0	0
2	15	29	36	40	46	27	12	2	2	0	0	0	0	0	0	0	0	0
0	14	50	101	99	67	26	11	1	0	0	0	0	0	0	0	0	0	0
3	5	16	27	37	56	26	7	0	0	0	0	0	0	0	0	0	0	0
0	4	26	55	65	92	59	26	15	6	1	0	0	0	0	0	0	0	0
2	5	20	43	37	24	18	1	1	0	0	0	0	0	0	0	0	0	0
0	22	33	46	58	32	13	2	2	0	0	0	0	0	0	0	0	0	0
1	10	29	35	32	33	15	3	1	0	0	0	0	0	0	0	0	0	0
0	3	18	31	19	32	13	2	0	0	0	0	0	0	0	0	0	0	0
1	4	11	31	56	51	26	4	2	2	0	0	0	0	0	0	0	0	0
0	8	19	48	43	72	35	10	5	1	0	0	0	0	0	0	0	0	0
2	5	29	33	42	27	11	3	2	0	0	0	0	0	0	0	0	0	0
2	6	20	9	10	5	2	2	0	0	0	0	0	0	0	0	0	0	0
0	12	39	73	94	103	87	52	13	4	1	0	0	0	0	0	0	0	0
1	23	38	77	88	83	54	24	3	1	0	0	0	0	0	0	0	0	0
3	14	32	24	16	7	5	2	0	0	0	0	0	0	0	0	0	0	0
1	12	20	16	18	2	1	2	0	0	0	0	0	0	0	0	0	0	0
1	14	26	71	62	53	28	11	3	0	2	0	0	0	0	0	0	0	0
0	12	25	29	25	25	8	1	0	0	0	0	0	0	0	0	0	0	0
0	16	32	59	89	92	62	24	3	4	0	0	0	0	0	0	0	0	0
0	17	37	73	51	45	11	3	1	0	0	0	0	0	0	0	0	0	0
1	10	23	42	71	122	85	57	43	35	17	15	10	7	4	5	3	0	1
2	3	8	15	15	11	5	0	0	0	0	0	0	0	0	0	0	0	0
3	29	41	75	88	106	53	14	5	0	0	0	0	0	0	0	0	0	0
1	13	33	50	64	59	44	21	6	1	0	0	0	0	0	0	0	0	0
0	8	21	32	25	20	19	3	1	0	0	0	0	0	0	0	0	0	0
6	82	125	156	106	54	34	7	3	0	0	0	0	0	0	0	0	0	0
0	5	15	21	26	24	19	4	0	1	0	0	0	0	0	0	0	0	0
1	4	19	28	11	18	16	6	1	0	0	0	0	0	0	0	0	0	0
2	22	33	51	45	37	16	10	2	0	0	0	0	0	0	0	0	0	0
3	12	46	56	62	45	22	3	1	0	0	0	0	0	0	0	0	0	0
2	11	25	29	19	15	3	3	3	0	0	0	0	0	0	0	0	0	0
0	1	2	3	4	3	14	3	8	1	5	5	1	0	0	0	0	0	0
0	57	123	190	203	127	59	17	3	0	0	0	0	0	0	0	0	0	0
2	14	20	44	19	19	5	3	0	0	0	0	0	0	0	0	0	0	0
3	43	53	59	64	32	20	11	3	0	1	0	0	0	0	0	0	0	0
1	9	28	59	71	101	98	40	16	4	0	0	0	0	0	0	0	0	0
2	1	9	16	8	23	2	1	1	0	0	0	0	0	0	0	0	0	0
2	53	92	157	148	119	48	18	6	0	2	0	0	0	0	0	0	0	0
2	27	62	80	73	66	18	7	2	0	1	0	0	0	0	0	0	0	0
0	12	28	25	31	21	9	2	0	0	0	0	0	0	0	0	0	0	0
0	19	56	122	177	163	117	56	16	3	0	0	0	0	0	0	0	0	0
0	11	13	23	22	12	9	3	0	0	0	0	0	0	0	0	0	0	0
2	7	11	29	30	41	32	6	1	0	0	0	0	0	0	0	0	0	0
0	16	32	63	77	60	34	11	1	0	0	0	0	0	0	0	0	0	0
0	13	30	58	68	72	57	23	12	2	1	0	0	0	0	0	0	0	0
0	19	37	73	77	33	17	3	1	0	0	0	0	0	0	0	0	0	0
1	13	19	21	44	54	12	6	2	0	0	0	0	0	0	0	0	0	0
1	24	37	60	52	40	24	5	0	0	0	0	0	0	0	0	0	0	0
1	16	51	85	87	84	48	11	5	0	0	0	0	0	0	0	0	0	0
1	11	16	28	36	25	10	7	4	0	1	0	0	0	0	0	0	0	0
1	57	123	160	143	96	27	11	2	0	0	0	0	0	0	0	0	0	0
0	1	6	14	17	15	6	5	1	0	0	0	0	0	0	0	0	0	0
1	4	7	25	43	37	17	2	0	0	0	0	0	0	0	0	0	0	0
1	47	57	72	88	57	29	10	1	0	0	0	0	0	0	0	0	0	0
2	27	84	142	185	170	76	32	5	0	0	0	0	0	0	0	0	0	0
0	16	46	83	60	76	21	5	1	1	0	0	0	0	0	0	0	0	0
1	0	2	1	9	36	3	2	1	0	0	0	0	0	0	0	0	0	0
5	5	43	47	82	70	29	10	3	1	0	0	0	0	0	0	0	0	0
2	12	15	27	57	83	49	11	1	0	0	0	0	0	0	0	0	0	0
0	0	2	1	9	22	12	5	3	2	0	0	0	0	0	0	0	0	0
0	1	2	9	15	26	10	6	1	0	0	0	0	0	0	0	0	0	0
0	22	42	31	28	18	12	4	0	0	0	0	0	0	0	0	0	0	0
0	4	3	13	20	36	44	43	15	17	10	5	1	0	1	0	0	0	0
1	6	27	44	47	64	43	21	3	1	1	0	0	0	0	0	0	0	0
2	42	75	110	107	79	33	8	3	2	0	0	0	0	0	0	0	0	0
1	15	31	57	59	70	33	8	4	1	0	0	0	0	0	0	0	0	0
2	27	33	41	36	14	4	3	1	1	0	0	0	0	0	0	0	0	0
1	24	71	126	160	130	44	11	2	1	0	0	0	0	0	0	0	0	0
3	34	62	98	83	57	23	4	0	0	1	0	0	0	0	0	0	0	0
2	10	24	39	47	46	23	10	6	0	0	0	0	0	0	0	0	0	0
0	14	9	19	18	4	3	1	0	0	0	0	0	0	0	0	0	0	0
1	23	43	71	48	36	11	4	1	0	0	0	0	0	0	0	0	0	0
0	10	33	38	47	40	24	6	4	0	0	0	0	0	0	0	0	0	0
0	17	26	45	51	33	12	2	1	0	0	0	0	0	0	0	0	0	0
1	14	46	73	63	69	30	14	4	2	0	1	0	0	0	0	0	0	0
0	2	16	41	58	62	53	27	6	3	1	0	0	0	0	0	0	0	0
1	14	20	49	79	117	73	34	16	0	1	0	0	0	0	0	0	0	0
0	9	23	67	78	97	61	22	12	3	0	0	0	0	0	0	0	0	0
2	1	19	23	20	3	2	3	1	0	0	0	0	0	0	0	0	0	0
1	39	63	80	88	91	26	12	1	0	1	0	0	0	0	0	0	0	0
1	9	11	41	56	90	44	32	13	8	3	0	0	0	0	0	0	0	0
0	1	7	16	28	11	11	3	4	7	0	1	0	0	0	0	0	0	0
3	10	43	46	42	40	16	10	0	0	0	0	0	0	0	0	0	0	0
1	37	87	119	101	67	44	15	3	0	0	0	0	0	0	0	0	0	0
1	1	18	23	41	59	35	19	11	5	0	0	0	0	0	0	0	0	0
0	2	9	13	21	10	3	4	1	0	0	0	0	0	0	0	0	0	0
3	12	21	44	45	28	15	2	0	0	0	0	0	0	0	0	0	0	0
0	12	21	32	28	40	21	6	4	0	0	0	0	0	0	0	0	0	0
0	7	20	25	28	18	7	1	1	0	0	0	0	0	0	0	0	0	0
2	6	8	7	9	4	1	0	0	0	0	0	0	0	0	0	0	0	0
0	11	42	59	70	62	38	12	4	1	0	0	0	0	0	0	0	0	0
0	8	19	50	37	61	23	8	1	0	0	0	0	0	0	0	0	0	0
1	8	12	25	49	51	67	22	7	0	0	0	0	0	0	0	0	0	0
1	11	19	56	70	76	60	25	9	5	1	0	0	0	0	0	0	0	0
0	14	29	34	60	58	30	8	7	1	0	0	0	0	0	0	0	0	0
3	90	120	204	208	175	61	27	8	1	0	0	0	0	0	0	0	0	0
1	10	18	38	35	20	4	1	0	0	0	0	0	0	0	0	0	0	0
2	6	27	38	41	28	14	1	0	0	0	0	0	0	0	0	0	0	0
1	22	42	71	67	33	14	6	0	1	0	0	0	0	0	0	0	0	0
1	1	0	3	2	52	17	3	0	0	0	0	0	0	0	0	0	0	0
0	14	25	45	43	34	24	7	0	0	0	0	0	0	0	0	0	0	0
2	25	38	48	53	33	13	2	0	0	0	0	0	0	0	0	0	0	0
1	7	19	41	53	69	45	18	6	0	0	0	0	0	0	0	0	0	0
0	2	6	25	41	41	24	20	5	0	0	0	0	0	0	0	0	0	0
1	12	32	84	96	131	92	38	12	3	2	0	1	0	0	0	0	0	0
0	10	26	49	73	64	37	21	2	0	0	0	0	0	0	0	0	0	0
0	18	32	44	39	35	11	5	0	0	0	0	0	0	0	0	0	0	0
0	17	19	47	68	89	52	18	4	1	1	0	0	0	0	0	0	0	0
1	36	68	106	109	116	80	34	2	1	0	0	0	0	0	0	0	0	0
1	18	33	52	71	36	18	5	1	0	0	0	0	0	0	0	0	0	0
1	11	29	54	60	61	24	15	4	0	0	0	0	0	0	0	0	0	0
1	15	11	32	38	33	35	38	22	9	5	0	0	0	0	0	0	0	0
1	15	28	47	54	68	19	4	0	0	0	0	0	0	0	0	0	0	0
0	12	18	38	48	56	52	16	5	2	1	0	0	0	0	0	0	0	0
2	7	13	35	43	64	55	44	23	18	4	2	0	0	0	0	0	0	0
0	1	7	13	14	6	11	4	2	0	0	0	0	0	0	0	0	0	0
4	12	29	46	53	43	42	18	4	1	0	0	0	0	0	0	0	0	0
2	5	11	28	31	23	2	2	0	0	0	0	0	0	0	0	0	0	0
1	35	90	169	193	232	161	99	24	12	3	0	0	0	0	0	0	0	0
1	13	27	59	46	35	16	9	2	1	0	0	0	0	0	0	0	0	0
1	36	76	112	117	80	28	3	2	1	0	0	0	0	0	0	0	0	0
1	3	8	21	32	47	41	36	18	10	4	1	0	0	0	0	0	0	0
2	15	57	81	115	118	67	32	7	4	0	0	0	0	0	0	0	0	0
0	7	17	35	30	23	13	3	0	1	0	0	0	0	0	0	0	0	0
0	3	7	42	80	148	92	48	19	6	2	0	0	0	0	0	0	0	0
2	13	39	43	50	32	13	4	0	0	0	0	0	0	0	0	0	0	0
1	3	19	36	24	12	6	1	0	0	0	0	0	0	0	0	0	0	0
0	19	30	34	33	32	13	1	2	0	0	0	0	0	0	0	0	0	0
1	21	18	25	40	40	28	12	5	1	0	0	0	0	0	0	0	0	0
1	32	42	89	73	69	25	5	3	2	0	0	0	0	0	0	0	0	0
0	11	38	60	90	80	47	15	3	1	0	0	0	0	0	0	0	0	0
1	9	23	58	65	74	49	26	10	2	0	0	0	0	0	0	0	0	0
0	10	39	86	123	114	84	46	16	5	0	0	0	0	0	0	0	0	0
0	20	32	74	62	51	15	9	1	1	0	0	0	0	0	0	0	0	0
4	8	19	58	39	43	30	13	2	0	0	0	0	0	0	0	0	0	0
0	5	13	22	19	24	7	3	1	0	0	0	0	0	0	0	0	0	0
1	12	49	76	77	58	33	7	0	2	0	0	0	0	0	0	0	0	0
1	55	106	174	183	130	59	17	8	3	1	0	0	0	0	0	0	0	0
5	18	36	63	56	39	27	4	2	1	0	0	0	0	0	0	0	0	0
1	13	21	45	76	120	88	57	34	16	12	0	0	0	0	0	0	0	0
0	4	13	23	31	34	27	16	7	1	0	0	0	0	0	0	0	0	0
2	9	18	41	33	47	27	11	2	0	0	0	0	0	0	0	0	0	0
0	2	5	6	11	5	2	6	2	2	0	0	0	0	0	0	0	0	0
1	0	5	31	31	27	10	4	1	1	0	0	0	0	0	0	0	0	0
0	12	21	51	54	73	25	2	1	1	1	0	0	0	0	0	0	0	0
0	5	13	33	36	42	23	5	0	1	0	0	0	0	0	0	0	0	0
1	10	27	22	20	4	5	1	1	0	0	0	0	0	0	0	0	0	0
0	6	22	38	25	51	29	12	2	0	0	0	0	0	0	0	0	0	0
1	8	16	24	28	13	13	3	0	1	0	0	0	0	0	0	0	0	0
1	16	39	65	66	72	30	15	8	0	0	0	0	0	0	0	0	0	0
1	27	78	127	145	105	49	12	1	0	0	0	0	0	0	0	0	0	0
1	13	22	50	53	73	33	12	5	1	0	0	0	0	0	0	0	0	0
1	10	32	45	52	49	15	7	2	0	0	0	0	0	0	0	0	0	0
0	3	27	35	66	84	54	31	11	9	0	0	0	0	0	0	0	0	0
2	22	56	89	86	81	24	7	2	0	0	0	0	0	0	0	0	0	0
1	14	19	31	46	30	15	0	1	0	0	0	0	0	0	0	0	0	0
2	20	38	47	34	38	18	1	0	0	0	0	0	0	0	0	0	0	0
3	20	21	46	45	21	12	3	1	0	0	0	0	0	0	0	0	0	0
1	5	16	32	39	42	11	5	1	0	0	0	0	0	0	0	0	0	0
0	8	22	50	54	66	42	16	10	0	0	1	0	0	0	0	0	0	0
1	20	40	72	92	72	37	22	9	0	1	0	0	0	0	0	0	0	0
2	17	48	69	76	39	21	4	1	0	0	0	0	0	0	0	0	0	0
1	6	21	29	34	23	1	0	1	0	0	0	0	0	0	0	0	0	0
1	9	14	30	39	41	31	12	2	2	1	0	0	0	0	0	0	0	0
1	39	53	96	55	42	16	2	1	0	0	0	0	0	0	0	0	0	0
1	4	7	6	16	12	7	3	1	0	0	0	0	0	0	0	0	0	0
0	9	32	57	76	91	42	13	10	5	0	0	0	0	0	0	0	0	0
2	9	46	68	59	64	20	5	1	0	0	0	0	0	0	0	0	0	0
1	12	31	61	70	85	48	14	4	1	0	0	0	0	0	0	0	0	0
0	24	78	119	121	83	32	11	3	0	0	0	0	0	0	0	0	0	0
1	25	34	60	48	39	5	1	0	0	0	0	0	0	0	0	0	0	0
0	13	16	38	20	16	2	1	0	0	0	0	0	0	0	0	0	0	0
1	10	59	73	81	71	28	15	6	0	1	0	0	0	0	0	0	0	0
1	11	18	20	28	31	7	2	2	1	0	0	0	0	0	0	0	0	0
0	6	20	41	69	74	37	24	4	2	0	0	0	0	0	0	0	0	0
0	3	17	49	36	29	7	2	0	0	0	0	0	0	0	0	0	0	0
2	18	36	37	49	36	13	3	0	0	0	0	0	0	0	0	0	0	0
0	3	9	32	21	11	7	5	2	0	1	0	0	0	0	0	0	0	0
2	13	31	34	44	50	22	9	3	1	0	0	0	0	0	0	0	0	0
0	7	12	33	53	53	41	15	2	1	0	0	0	0	0	0	0	0	0
0	18	44	61	66	50	26	5	2	0	0	0	0	0	0	0	0	0	0
1	14	41	54	41	32	18	9	3	0	0	0	0	0	0	0	0	0	0
4	26	47	78	55	38	25	6	3	0	0	0	0	0	0	0	0	0	0
2	14	44	78	90	70	26	12	8	0	0	0	0	0	0	0	0	0	0
0	23	63	115	127	103	45	13	3	0	0	0	0	0	0	0	0	0	0
1	5	14	37	45	50	28	11	5	0	1	0	0	0	0	0	0	0	0
2	21	45	50	47	43	17	10	1	0	0	0	0	0	0	0	0	0	0
3	24	74	147	151	116	48	13	4	0	0	0	0	0	0	0	0	0	0
1	10	9	18	10	8	2	0	0	0	0	0	0	0	0	0	0	0	0
4	22	49	108	105	94	51	18	5	0	0	0	0	0	0	0	0	0	0
1	10	37	74	68	71	28	5	4	0	0	0	0	0	0	0	0	0	0
0	6	4	24	21	20	9	3	0	0	0	0	0	0	0	0	0	0	0
1	8	20	30	48	55	29	5	5	2	1	0	0	0	0	0	0	0	0
0	15	46	63	71	59	34	13	1	0	0	0	0	0	0	0	0	0	0
3	47	124	183	164	92	47	13	4	2	0	0	0	0	0	0	0	0	0
2	24	37	53	54	39	18	3	1	0	0	0	0	0	0	0	0	0	0
0	19	46	99	121	124	80	50	22	7	1	2	0	0	0	0	0	0	0
2	20	33	41	36	30	17	2	2	0	0	0	0	0	0	0	0	0	0
1	7	10	17	17	28	19	10	3	0	0	0	0	0	0	0	0	0	0
0	4	5	18	19	25	25	4	3	0	0	0	0	0	0	0	0	0	0
1	4	17	34	24	37	13	7	1	0	0	0	0	0	0	0	0	0	0
0	8	31	60	83	96	67	34	6	3	1	0	0	0	0	0	0	0	0
0	3	13	29	34	47	19	10	2	0	0	0	0	0	0	0	0	0	0
0	3	14	36	33	39	18	4	1	0	0	0	0	0	0	0	0	0	0
1	35	77	100	124	108	32	6	2	0	0	0	0	0	0	0	0	0	0
0	2	4	7	14	16	18	5	4	2	0	1	0	0	0	0	0	0	0
0	12	28	57	42	94	40	13	1	0	1	0	0	0	0	0	0	0	0
0	13	33	72	82	55	25	14	5	0	1	0	0	0	0	0	0	0	0
2	23	32	46	63	50	40	18	7	1	0	0	0	0	0	0	0	0	0
0	9	24	34	24	29	6	1	0	0	0	0	0	0	0	0	0	0	0
1	24	53	80	84	44	24	4	0	1	0	0	0	0	0	0	0	0	0
1	17	32	57	54	43	26	7	1	1	0	0	0	0	0	0	0	0	0
0	11	22	49	62	99	78	14	6	0	0	0	0	0	0	0	0	0	0
1	21	15	37	51	64	31	12	6	2	0	0	0	0	0	0	0	0	0
1	24	56	67	67	44	13	5	1	0	0	0	0	0	0	0	0	0	0
0	25	43	69	77	64	30	3	2	0	0	0	0	0	0	0	0	0	0
1	6	24	43	56	35	30	10	1	0	0	0	0	0	0	0	0	0	0
1	2	5	18	15	19	13	5	0	0	0	0	0	0	0	0	0	0	0
2	62	88	130	119	90	51	23	9	1	1	0	0	0	0	0	0	0	0
2	15	53	80	98	75	19	3	0	0	0	0	0	0	0	0	0	0	0
1	7	32	47	70	63	22	5	1	0	0	0	0	0	0	0	0	0	0
1	15	18	28	30	30	18	3	1	0	0	0	0	0	0	0	0	0	0
1	41	80	117	104	61	31	12	2	1	0	0	0	0	0	0	0	0	0
0	3	17	18	22	31	21	12	2	1	0	0	0	0	0	0	0	0	0
0	14	44	46	88	90	60	20	7	2	1	0	0	0	0	0	0	0	0
2	10	17	27	23	16	6	3	0	0	0	0	0	0	0	0	0	0	0
1	24	44	88	100	84	40	14	1	2	0	0	0	0	0	0	0	0	0
1	14	45	71	50	17	9	3	1	1	0	0	0	0	0	0	0	0	0
1	7	18	54	88	109	99	69	28	17	5	3	1	0	0	0	0	0	0
1	16	55	107	125	89	36	14	5	1	0	0	0	0	0	0	0	0	0
3	12	28	55	87	50	33	4	1	0	0	0	0	0	0	0	0	0	0
0	4	10	21	11	7	3	2	0	0	0	0	0	0	0	0	0	0	0
1	11	20	52	69	68	50	21	14	6	0	0	0	0	0	0	0	0	0
1	34	61	126	132	110	56	15	4	1	0	0	0	0	0	0	0	0	0
1	9	20	28	57	56	30	6	2	0	0	0	0	0	0	0	0	0	0
2	29	68	93	115	94	50	16	5	0	0	0	0	0	0	0	0	0	0
1	43	56	97	92	51	24	7	1	0	0	0	0	0	0	0	0	0	0
1	8	8	11	10	18	7	2	0	1	0	0	0	0	0	0	0	0	0
1	0	8	27	36	43	32	12	2	0	1	0	0	0	0	0	0	0	0
0	21	43	71	80	74	20	6	1	0	0	0	0	0	0	0	0	0	0
0	25	54	95	103	81	58	26	12	10	1	2	0	0	0	0	0	0	0
0	16	39	63	61	30	20	9	2	0	0	0	0	0	0	0	0	0	0
0	3	3	20	9	7	3	0	1	0	0	0	0	0	0	0	0	0	0
0	2	14	29	42	33	29	7	1	0	0	0	0	0	0	0	0	0	0
0	5	7	15	27	25	32	8	6	1	0	0	0	0	0	0	0	0	0
6	55	205	364	430	366	195	58	19	3	3	0	0	0	0	0	0	0	0
1	45	63	101	117	92	40	13	3	0	0	0	0	0	0	0	0	0	0
1	1	11	26	34	56	29	7	3	1	0	0	0	0	0	0	0	0	0
2	14	29	49	55	56	19	12	3	1	0	0	0	0	0	0	0	0	0
4	29	73	116	117	85	28	7	4	0	0	0	0	0	0	0	0	0	0
0	13	37	69	114	124	97	37	8	4	0	0	0	0	0	0	0	0	0
0	13	37	41	38	22	7	0	0	0	0	0	0	0	0	0	0	0	0
0	16	39	65	55	40	25	9	3	0	0	0	0	0	0	0	0	0	0
1	25	29	46	67	47	47	12	6	0	0	0	0	0	0	0	0	0	0
1	10	19	41	46	57	22	16	2	2	0	0	0	0	0	0	0	0	0
1	2	2	10	17	18	12	13	6	2	4	0	0	0	0	0	0	0	0
2	27	43	73	79	52	27	10	1	0	0	0	0	0	0	0	0	0	0
1	18	48	72	73	93	41	12	5	1	0	0	0	0	0	0	0	0	0
1	43	93	154	197	129	75	20	7	1	1	0	0	0	0	0	0	0	0
2	18	38	45	31	19	15	5	0	0	0	0	0	0	0	0	0	0	0
2	15	15	29	17	13	2	1	0	0	0	0	0	0	0	0	0	0	0
1	3	17	14	24	12	7	3	1	0	0	0	0	0	0	0	0	0	0
0	11	15	51	59	79	45	32	14	3	1	0	0	0	0	0	0	0	0
2	9	20	19	24	11	4	2	0	0	0	0	0	0	0	0	0	0	0
0	4	10	21	10	13	12	18	0	0	0	0	0	0	0	0	0	0	0
1	3	22	40	35	18	13	6	1	0	0	0	0	0	0	0	0	0	0
2	13	45	59	63	24	8	3	0	0	0	0	0	0	0	0	0	0	0
0	19	34	41	26	13	6	1	0	0	0	0	0	0	0	0	0	0	0
1	16	33	48	33	28	11	0	2	1	0	0	0	0	0	0	0	0	0
1	8	15	31	36	39	34	11	6	1	2	0	0	0	0	0	0	0	0
0	12	14	40	33	51	29	10	2	1	0	0	0	0	0	0	0	0	0
1	7	8	14	30	19	7	0	0	0	0	0	0	0	0	0	0	0	0
1	5	15	40	46	43	8	4	0	0	0	0	0	0	0	0	0	0	0
3	33	74	137	119	90	40	6	2	0	0	0	0	0	0	0	0	0	0
0	15	31	55	55	35	12	6	2	1	0	0	0	0	0	0	0	0	0
0	2	12	24	31	24	16	2	1	1	0	0	0	0	0	0	0	0	0
3	27	59	97	141	123	55	13	2	3	0	0	0	0	0	0	0	0	0
1	18	27	74	94	104	90	30	12	5	0	0	0	0	0	0	0	0	0
0	7	24	48	45	62	30	10	1	3	0	0	0	0	0	0	0	0	0
1	6	12	14	13	13	3	1	1	0	0	0	0	0	0	0	0	0	0
0	33	40	93	121	120	76	36	13	3	2	0	0	0	0	0	0	0	0
0	12	32	44	82	89	52	23	14	4	0	0	0	0	0	0	0	0	0
0	3	3	11	22	20	3	0	0	0	0	0	0	0	0	0	0	0	0
2	15	54	84	90	59	13	3	1	0	0	0	0	0	0	0	0	0	0
1	4	11	20	26	26	6	5	2	1	0	0	0	0	0	0	0	0	0
1	24	60	87	95	57	30	9	2	0	0	0	0	0	0	0	0	0	0
1	8	31	66	81	77	45	29	11	7	1	0	0	0	0	0	0	0	0
0	14	34	74	86	112	77	25	5	2	0	0	0	0	0	0	0	0	0
1	9	19	35	26	18	10	3	0	0	0	0	0	0	0	0	0	0	0
2	28	57	83	98	72	45	15	4	0	0	0	0	0	0	0	0	0	0
0	1	3	9	12	27	20	5	1	1	0	0	0	0	0	0	0	0	0
0	9	32	57	57	67	41	18	4	4	0	0	0	0	0	0	0	0	0
0	6	17	30	31	34	14	5	0	0	0	0	0	0	0	0	0	0	0
1	29	64	102	79	50	20	4	2	0	0	0	0	0	0	0	0	0	0
2	22	59	77	80	54	26	7	1	1	0	0	0	0	0	0	0	0	0
0	8	16	29	36	64	52	33	31	17	9	3	0	0	0	0	0	0	0
2	31	68	109	105	69	28	16	1	0	0	0	0	0	0	0	0	0	0
0	15	25	45	51	33	14	2	0	0	0	0	0	0	0	0	0	0	0
0	21	33	41	34	40	7	4	0	0	0	0	0	0	0	0	0	0	0
0	7	14	40	22	18	10	4	2	0	0	0	0	0	0	0	0	0	0
2	21	49	95	75	44	16	3	2	0	0	0	0	0	0	0	0	0	0
