-3.000000000000000000e+00 -3.260164202199120620e-01
-2.969849246231155870e+00 1.557538459946975484e-01
-2.939698492462311741e+00 -1.016822658503914178e-01
-2.909547738693467167e+00 3.527799913343382388e-02
-2.879396984924623037e+00 -3.678607091709711341e-01
-2.849246231155778908e+00 -3.037433673893180086e-01
-2.819095477386934778e+00 -4.128283352364254255e-01
-2.788944723618090649e+00 -2.314913283056180826e-01
-2.758793969849246075e+00 -3.216827588459721943e-01
-2.728643216080401945e+00 -4.054112764977354511e-01
-2.698492462311557816e+00 -3.708165545710597200e-01
-2.668341708542713686e+00 -3.159244451698016709e-01
-2.638190954773869557e+00 -2.903082578720445062e-02
-2.608040201005024983e+00 9.703039385337008937e-04
-2.577889447236180853e+00 -2.973082256908853860e-01
-2.547738693467336724e+00 -3.253967853529803334e-01
-2.517587939698492594e+00 -5.198229833518762666e-01
-2.487437185929648464e+00 -8.614540444338767422e-01
-2.457286432160803891e+00 -7.863423383245983223e-01
-2.427135678391959761e+00 -5.362540168520106842e-01
-2.396984924623115631e+00 -6.057458103001630567e-01
-2.366834170854271502e+00 -9.573715789235274221e-01
-2.336683417085427372e+00 -8.667253907566170312e-01
-2.306532663316582799e+00 -6.384882911923246418e-01
-2.276381909547738669e+00 -7.362888452855159693e-01
-2.246231155778894539e+00 -7.375548474736793869e-01
-2.216080402010050410e+00 -8.334683714846251590e-01
-2.185929648241206280e+00 -1.196883011307089850e+00
-2.155778894472361706e+00 -9.691339106169237771e-01
-2.125628140703517577e+00 -8.153587776164833434e-01
-2.095477386934673447e+00 -9.213728837548601502e-01
-2.065326633165829318e+00 -1.161733696856695586e+00
-2.035175879396985188e+00 -1.206493623629876666e+00
-2.005025125628140614e+00 -9.262672470808337444e-01
-1.974874371859296485e+00 -9.336505870901324888e-01
-1.944723618090452355e+00 -1.106116168612463646e+00
-1.914572864321608003e+00 -9.500014496937506658e-01
-1.884422110552763874e+00 -9.172991715258177470e-01
-1.854271356783919744e+00 -1.049853159898217259e+00
-1.824120603015075393e+00 -1.127657908790486552e+00
-1.793969849246231263e+00 -1.470884942033884313e+00
-1.763819095477386911e+00 -1.219467591406282914e+00
-1.733668341708542782e+00 -8.707354550867915099e-01
-1.703517587939698652e+00 -6.392399066612819425e-01
-1.673366834170854300e+00 -7.689808505986659437e-01
-1.643216080402010171e+00 -7.827201797527975069e-01
-1.613065326633165819e+00 -1.008747034690991029e+00
-1.582914572864321689e+00 -1.278971343985469300e+00
-1.552763819095477338e+00 -8.964079624646520417e-01
-1.522613065326633208e+00 -9.961607099353161354e-01
-1.492462311557789079e+00 -7.182701534804536436e-01
-1.462311557788944727e+00 -1.096600594533640116e+00
-1.432160804020100597e+00 -1.154327567630057283e+00
-1.402010050251256246e+00 -9.106422573767445350e-01
-1.371859296482412116e+00 -1.305934203198466204e+00
-1.341708542713567986e+00 -1.249132314939628507e+00
-1.311557788944723635e+00 -1.030211496821767270e+00
-1.281407035175879505e+00 -7.784097776893844634e-01
-1.251256281407035154e+00 -1.097935101487073295e+00
-1.221105527638191024e+00 -1.128291672443832105e+00
-1.190954773869346894e+00 -1.254316368895834977e+00
-1.160804020100502543e+00 -9.633944899736995859e-01
-1.130653266331658413e+00 -1.036069249599731457e+00
-1.100502512562814061e+00 -9.451735362397765128e-01
-1.070351758793969932e+00 -1.020224407224556984e+00
-1.040201005025125802e+00 -9.493788169209418371e-01
-1.010050251256281451e+00 -1.156291279381145731e+00
-9.798994974874370989e-01 -9.860985109761279954e-01
-9.497487437185929693e-01 -7.952690203995913532e-01
-9.195979899497488397e-01 -1.175827854187776911e+00
-8.894472361809047101e-01 -8.353768861026236170e-01
-8.592964824120605805e-01 -1.002642960506363146e+00
-8.291457286432160068e-01 -6.331438198789758331e-01
-7.989949748743718771e-01 -5.939089530738809186e-01
-7.688442211055277475e-01 -5.689644567476913606e-01
-7.386934673366836179e-01 -6.131011917067145101e-01
-7.085427135678394883e-01 -4.914435537234644880e-01
-6.783919597989949146e-01 -6.576429820564264617e-01
-6.482412060301507850e-01 -6.483523283200212095e-01
-6.180904522613066554e-01 -5.971814217744769726e-01
-5.879396984924625258e-01 -7.186060055792763412e-01
-5.577889447236183962e-01 -6.297316973997286738e-01
-5.276381909547738225e-01 -7.426720352193205699e-01
-4.974874371859296929e-01 -4.821024814116919854e-01
-4.673366834170855633e-01 -6.686951918789758587e-01
-4.371859296482414337e-01 -6.013705198321385170e-01
-4.070351758793973040e-01 -4.626534772260631478e-01
-3.768844221105527303e-01 -3.293874861852989500e-01
-3.467336683417086007e-01 1.552291008908750491e-01
-3.165829145728644711e-01 -3.736012394984261631e-01
-2.864321608040203415e-01 -2.935452082462163825e-01
-2.562814070351762119e-01 -5.878172061648865299e-01
-2.261306532663316382e-01 -2.634307396195385564e-01
-1.959798994974875086e-01 -7.442066438179442689e-02
-1.658291457286433790e-01 8.748270755838227775e-02
-1.356783919597992494e-01 -3.001574238017148955e-01
-1.055276381909546757e-01 7.756711202681591810e-02
-7.537688442211054607e-02 5.080561534722267958e-02
-4.522613065326641646e-02 -1.560866600769492823e-02
-1.507537688442228685e-02 -3.327459816618952848e-01
1.507537688442184276e-02 3.327680722709760452e-01
4.522613065326641646e-02 -6.729010333388274478e-02
7.537688442211054607e-02 4.728370996350456101e-02
1.055276381909546757e-01 -1.265388840042835361e-01
1.356783919597988053e-01 2.264079235752406993e-01
1.658291457286429349e-01 3.895841194548665953e-01
1.959798994974875086e-01 1.335438657276256380e-01
2.261306532663316382e-01 2.047049444413021058e-01
2.562814070351757678e-01 3.660345993459005465e-01
2.864321608040198974e-01 1.378979777622567626e-01
3.165829145728640270e-01 2.582246858798907807e-01
3.467336683417086007e-01 7.188059061849003673e-01
3.768844221105527303e-01 1.981980494439040674e-01
4.070351758793968600e-01 4.533238758905734911e-01
4.371859296482409896e-01 5.758833969048560153e-01
4.673366834170851192e-01 3.174586666291273618e-01
4.974874371859296929e-01 5.816738317986238638e-01
5.276381909547738225e-01 7.825981620202648870e-01
5.577889447236179521e-01 4.827749100964219275e-01
5.879396984924620817e-01 8.139656601872601316e-01
6.180904522613062113e-01 6.529097048642533707e-01
6.482412060301507850e-01 6.386420972509715410e-01
6.783919597989949146e-01 3.909542902035758605e-01
7.085427135678390442e-01 3.808723591895556981e-01
7.386934673366831738e-01 7.162714426135706747e-01
7.688442211055273035e-01 7.582855057448150138e-01
7.989949748743718771e-01 6.531822527238286824e-01
8.291457286432160068e-01 4.366313915918098032e-01
8.592964824120601364e-01 7.483056040403361919e-01
8.894472361809042660e-01 9.403093479247184305e-01
9.195979899497483956e-01 7.351924539997033436e-01
9.497487437185929693e-01 5.329792043265626500e-01
9.798994974874370989e-01 8.430497412866884144e-01
1.010050251256281229e+00 9.164710125852127964e-01
1.040201005025125802e+00 6.689746321179619315e-01
1.070351758793969488e+00 7.000936917943958449e-01
1.100502512562814061e+00 1.038072736886406888e+00
1.130653266331657747e+00 1.199140935037906974e+00
1.160804020100502321e+00 1.276013199368050799e+00
1.190954773869346894e+00 6.402029843712748747e-01
1.221105527638190580e+00 1.081103186387623261e+00
1.251256281407035154e+00 1.145661220187193408e+00
1.281407035175878839e+00 9.962353883964469858e-01
1.311557788944723413e+00 1.187418096120401723e+00
1.341708542713567986e+00 1.062040465342576345e+00
1.371859296482411672e+00 1.030319204185218718e+00
1.402010050251256246e+00 1.061859827406017365e+00
1.432160804020099931e+00 1.024577069875033386e+00
1.462311557788944505e+00 7.401022318677352718e-01
1.492462311557789079e+00 1.324060863244248543e+00
1.522613065326632764e+00 8.369307571641459997e-01
1.552763819095477338e+00 1.022035372396643993e+00
1.582914572864321023e+00 1.439945924138664513e+00
1.613065326633165597e+00 1.639693877068112871e+00
1.643216080402010171e+00 7.893097278477282375e-01
1.673366834170853856e+00 8.462561640625311243e-01
1.703517587939698430e+00 8.844602353644270831e-01
1.733668341708542115e+00 1.085408213661914090e+00
1.763819095477386689e+00 9.435620886442013244e-01
1.793969849246231263e+00 8.257593743674276343e-01
1.824120603015074948e+00 8.337730622371040123e-01
1.854271356783919522e+00 1.027011737246856793e+00
1.884422110552763208e+00 6.514281973331668141e-01
1.914572864321607781e+00 1.100287308451339818e+00
1.944723618090452355e+00 9.290818583931882424e-01
1.974874371859296041e+00 1.057250354573354034e+00
2.005025125628140614e+00 8.399724572184046334e-01
2.035175879396984300e+00 7.150556692248581925e-01
2.065326633165828873e+00 1.033517325734748304e+00
2.095477386934673447e+00 1.083886942650678975e+00
2.125628140703517133e+00 9.226804769509973081e-01
2.155778894472361706e+00 1.022223174445757499e+00
2.185929648241205392e+00 7.460768298078385152e-01
2.216080402010049966e+00 7.337897236758207375e-01
2.246231155778894539e+00 5.917539400957103624e-01
2.276381909547738225e+00 5.279653174971908891e-01
2.306532663316582799e+00 3.888836281033619113e-01
2.336683417085426484e+00 9.731994189511949944e-01
2.366834170854271058e+00 9.389631216218093934e-01
2.396984924623115631e+00 7.891256563467664575e-01
2.427135678391959317e+00 6.450231236386954059e-01
2.457286432160803891e+00 5.441497069013125909e-01
2.487437185929647576e+00 7.256999142692172056e-01
2.517587939698492150e+00 5.289064918651998903e-01
2.547738693467336724e+00 6.210533662276315203e-01
2.577889447236180409e+00 6.630468347783677885e-01
2.608040201005024983e+00 7.018092121724111010e-01
2.638190954773868668e+00 5.742241583685899764e-01
2.668341708542713242e+00 3.346125032783082154e-01
2.698492462311557816e+00 1.087924652880089549e-01
2.728643216080401501e+00 2.775093699225951172e-01
2.758793969849246075e+00 3.892431608382659336e-01
2.788944723618090649e+00 1.933027369040028476e-01
2.819095477386934334e+00 2.017021102041854919e-01
2.849246231155778908e+00 5.283100892605642196e-01
2.879396984924622593e+00 3.722211710261505990e-01
2.909547738693467167e+00 5.325010353450739808e-01
2.939698492462311741e+00 1.722720502524812958e-01
2.969849246231155426e+00 2.358580247307699995e-01
3.000000000000000000e+00 2.294106616216274597e-01
